100000100011011110000111101111
110010111100110100110011101000
010111000010010110111110011110
111001010001101101111110001100
101000111011100111011001100111
100111011001011100100011000010
110100011010100101000101110000
001000111111100100010100101111
010111101010000101101010110011
100101000101001000100010000111
010010011110111000111010101100
000011110001101111001000111010
100000000001001101111001000000
000001010001001001110101101101
111110001101111110110111111111
010101011011100111001011100001
101110011110000011110011000100
111111100000001001111011111110
000000001011110001010111010000
010010001111010001010111001110
010110000100011010001110001111
101110101001000010111100010101
111100100010110110000111110110
111001000101001110100101110100
011110111010100111000101110111
101000100010001011100100111110
000010111000011101000000100000
110111001000100101010101111000
001011111011111100000101101111
110100000110010111010001101111
101000011010100000001010111101
011011010011000000110111010001
101011100100000001011010111000
101011110100010001001001011000
000000101111001001010111111000
010000100011100001011000110010
001110000100011100111011000101
010000011011000011000111110110
100001011100001110011100111101
100100110110111100100110101001
010111111011011100010011000110
100111001001110101010000010001
111100000100001110101110110111
001110101000111010000100001101
101001101110010011011100000000
110000000100111100010111011011
111110011010011010011100110010
000001001001101011001001101011
110001101001100110010100111110
100101010100001100000010110001
